image_width: 752
image_height: 480
camera_name: mv_26805864
camera_matrix:
  rows: 3
  cols: 3
  data: [425.073871293069, 0.0, 377.1950311244359, 0.0, 425.2948891047137, 241.17743139961726, 0.0, 0.0, 1.0]
distortion_model: plumb_bob
distortion_coefficients:
  rows: 1
  cols: 5
  data: [-0.27860103458562085, 0.06659488221839016, -0.00046312980647510925, -0.0005601460764855554, 0.0]
rectification_matrix:
  rows: 3
  cols: 3
  data: [1.0, 0.0, 0.0, 0.0, 1.0, 0.0, 0.0, 0.0, 1.0]
projection_matrix:
  rows: 3
  cols: 4
  data: [313.29522705078125, 0.0, 375.80321594770794, 0.0, 0.0, 382.3836364746094, 240.6753433844733, 0.0, 0.0, 0.0, 1.0, 0.0]
